[history/.dummy_history]
version = 9.0.7
modtime = 1707195556.999420000

[ui-tour/search-tour]
version = 9.0.7
modtime = 1707195559.541941000

[savedsearches/SOC%20Failed%20Logins%20report]
version = 9.0.7
modtime = 1707244286.989991000
