[assist/metadata]
version = 9.0.7
modtime = 1707191832.142160000

[assist/ui]
version = 9.0.7
modtime = 1707192055.840855000

[assist/updates]
version = 9.0.7
modtime = 1707192295.958225000

[assist/supervisor]
version = 9.0.7
modtime = 1707192295.971505000
