[history/.dummy_history]
version = 9.0.7
modtime = 1707205137.798911000

[ui-tour/search-tour]
version = 9.0.7
modtime = 1707210265.941006000
