[server/sslConfig]
version = 9.0.7
modtime = 1707191379.948214000

[server/general]
version = 9.0.7
modtime = 1707191381.111565000

[server/lmpool%3Aauto_generated_pool_forwarder]
version = 9.0.7
modtime = 1707191381.125297000

[server/lmpool%3Aauto_generated_pool_free]
version = 9.0.7
modtime = 1707191381.129232000
