[server/sslConfig]
version = 9.0.7
modtime = 1707190367.559102000

[server/general]
version = 9.0.7
modtime = 1707190368.807176000

[server/lmpool%3Aauto_generated_pool_forwarder]
version = 9.0.7
modtime = 1707190368.820083000

[server/lmpool%3Aauto_generated_pool_free]
version = 9.0.7
modtime = 1707190368.823614000
