[assist/metadata]
version = 9.0.7
modtime = 1707188699.501156000

[assist/ui]
version = 9.0.7
modtime = 1707189199.600520000

[assist/updates]
version = 9.0.7
modtime = 1707189231.558445000

[assist/supervisor]
version = 9.0.7
modtime = 1707189231.572227000
